11.196151
11.027655
10.854804
10.677757
10.496675
10.311725
10.123079
9.930913
9.735408
9.536750
9.335125
9.130729
8.923757
8.714409
8.502890
8.289407
8.074170
7.857392
7.639289
7.420080
7.199986
6.979230
6.758037
6.536635
6.315252
6.094119
5.873466
5.653528
5.434536
5.216725
5.000329
4.785584
4.572722
4.361979
4.153589
3.947785
3.744799
3.544862
3.348205
3.155055
2.965640
2.780183
2.598908
2.422035
2.249781
2.082360
1.919984
1.762862
1.611198
1.465194
1.325046
1.190948
1.063088
0.941652
0.826819
0.718762
0.617654
0.523657
0.436930
0.357628
0.285898
0.221881
0.165712
0.117522
0.077433
0.045561
0.022016
0.006899
0.000307
0.002327
0.013042
0.032524
0.060839
0.098047
0.144197
0.199334
0.263491
0.336696
0.418967
0.510316
0.610746
0.720250
0.838815
0.966418
1.103028
1.248608
1.403109
1.566475
1.738642
1.919537
2.109080
2.307180
2.513739
2.728652
2.951804
3.183072
3.422325
3.669423
3.924221
4.186563
4.456285
4.733218
5.017182
5.307993
5.605455
5.909370
6.219529
6.535717
6.857713
7.185287
7.518206
7.856227
8.199103
8.546581
8.898401
9.254298
9.614001
9.977234
10.343718
10.713166
11.085289
11.459791
11.836375
12.214738
12.594575
12.975576
13.357429
13.739818
14.122427
14.504936
14.887022
15.268362
15.648630
16.027502
16.404650
16.779746
17.152463
17.522473
17.889449
18.253064
18.612991
18.968908
19.320489
19.667416
20.009368
20.346029
20.677085
21.002227
21.321146
21.633539
21.939107
22.237554
22.528591
22.811930
23.087293
23.354403
23.612993
23.862798
24.103562
24.335035
24.556974
24.769143
24.971314
25.163266
25.344785
25.515669
25.675720
25.824752
25.962586
26.089053
26.203995
26.307260
26.398709
26.478212
26.545649
26.600911
26.643899
26.674526
26.692715
26.698400
26.691526
26.672052
26.639944
26.595185
26.537765
26.467688
26.384972
26.289642
26.181741
26.061319
25.928442
25.783186
25.625641
25.455908
25.274101
25.080345
24.874781
24.657558
24.428840
24.188801
23.937631
23.675527
23.402703
23.119381
22.825797
22.522198
22.208843
21.886003
21.553958
21.213002
20.863439
20.505583
20.139759
19.766303
19.385561
18.997888
18.603651
18.203224
17.796993
17.385349
16.968696
16.547445
16.122013
15.692828
15.260324
14.824942
14.387131
13.947345
13.506045
13.063699
12.620779
12.177761
11.735130
11.293370
10.852973
10.414434
9.978248
9.544916
9.114941
8.688827
8.267079
7.850205
7.438711
7.033106
6.633896
6.241589
5.856688
5.479699
5.111123
4.751458
4.401200
4.060843
3.730875
3.411779
3.104036
2.808119
2.524496
2.253628
1.995972
1.751975
1.522077
1.306711
1.106299
0.921257
0.751990
0.598892
0.462349
0.342735
0.240412
0.155733
0.089036
0.040648
0.010883
0.000043
0.008414
0.036269
0.083868
0.151454
0.239257
0.347491
0.476353
0.626025
0.796674
0.988447
1.201477
1.435879
1.691750
1.969170
2.268199
2.588883
2.931245
3.295293
3.681013
4.088375
4.517328
4.967803
5.439711
5.932944
6.447373
6.982851
7.539212
8.116266
8.713809
9.331614
9.969434
10.627003
11.304036
12.000226
12.715250
13.448763
14.200400
14.969780
15.756498
16.560135
17.380251
18.216386
19.068064
19.934790
20.816052
21.711317
22.620039
23.541653
24.475576
25.421212
26.377945
27.345146
28.322170
29.308358
30.303034
31.305510
32.315085
33.331044
34.352658
35.379189
36.409884
37.443981
38.480708
39.519281
40.558909
41.598790
42.638115
43.676067
44.711823
45.744552
46.773419
47.797583
48.816199
49.828418
50.833390
51.830259
52.818171
53.796271
54.763701
55.719607
56.663135
57.593433
58.509653
59.410950
60.296483
61.165418
62.016925
62.850184
63.664380
64.458707
65.232369
65.984579
66.714563
67.421557
68.104811
68.763586
69.397159
70.004822
70.585882
71.139663
71.665506
72.162771
72.630836
73.069100
73.476980
73.853918
74.199374
74.512835
74.793807
75.041824
75.256443
75.437248
75.583848
75.695881
75.773012
75.814932
75.821366
75.792065
75.726811
75.625419
75.487734
75.313633
75.103027
74.855859
74.572107
74.251783
73.894933
73.501641
73.072023
72.606233
72.104464
71.566943
70.993934
70.385742
69.742707
69.065210
68.353667
67.608538
66.830317
66.019541
65.176785
64.302665
63.397834
62.462988
61.498862
60.506230
59.485908
58.438750
57.365653
56.267550
55.145418
54.000270
52.833162
51.645188
50.437481
49.211213
47.967597
46.707880
45.433352
44.145339
42.845203
41.534346
40.214205
38.886252
37.551997
36.212985
34.870795
33.527039
32.183365
30.841451
29.503011
28.169787
26.843554
25.526115
24.219306
22.924987
21.645049
20.381409
19.136009
17.910819
16.707829
15.529057
14.376539
13.252336
12.158525
11.097208
10.070500
9.080536
8.129465
7.219455
6.352682
5.531339
4.757630
4.033767
3.361972
2.744477
2.183517
1.681334
1.240176
0.862290
0.549927
0.305337
0.130768
0.028469
0.000680
0.049640
0.177580
0.386720
0.679276
1.057448
1.523428
2.079391
2.727500
3.469899
4.308715
5.246056
6.284010
7.424642
8.669992
10.022078
11.482890
13.054391
14.738513
16.537161
18.452204
20.485480
22.638793
24.913909
27.312557
29.836429
32.487174
35.266403
38.175681
41.216531
44.390430
47.698809
51.143051
54.724490
58.444409
62.304040
66.304564
70.447107
74.732738
79.162475
83.737275
88.458038
93.325605
98.340757
103.504215
108.816636
114.278616
119.890685
125.653310
131.566892
137.631767
143.848201
150.216394
156.736479
163.408517
170.232500
177.208351
184.335922
191.614990
199.045265
206.626382
214.357902
222.239315
230.270036
238.449407
246.776696
255.251096
263.871724
272.637626
281.547770
290.601051
299.796287
309.132223
318.607529
328.220799
337.970553
347.855238
357.873224
368.022810
378.302219
388.709602
399.243037
409.900528
420.680010
431.579344
442.596320
453.728660
464.974013
476.329962
487.794019
499.363631
511.036176
522.808967
534.679252
546.644216
558.700977
570.846596
583.078068
595.392330
607.786262
620.256682
632.800354
645.413987
658.094232
670.837692
683.640916
696.500401
709.412597
722.373908
735.380688
748.429251
761.515863
774.636752
787.788106
800.966071
814.166761
827.386252
840.620587
853.865777
867.117803
880.372618
893.626149
906.874297
920.112940
933.337935
946.545121
959.730318
972.889331
986.017950
999.111954
1012.167113
1025.179187
1038.143932
1051.057099
1063.914435
1076.711689
1089.444611
1102.108955
1114.700480
1127.214952
1139.648149
1151.995857
1164.253879
1176.418031
1188.484148
1200.448084
1212.305715
1224.052938
1235.685678
1247.199886
1258.591543
1269.856661
1280.991284
1291.991492
1302.853402
1313.573168
1324.146987
1334.571097
1344.841781
1354.955366
1364.908231
1374.696800
1384.317552
1393.767016
1403.041779
1412.138482
1421.053824
1429.784567
1438.327530
1446.679597
1454.837718
1462.798906
1470.560243
1478.118879
1485.472036
1492.617006
1499.551155
1506.271922
1512.776823
1519.063451
1525.129475
1530.972645
1536.590792
1541.981826
1547.143740
1552.074613
1556.772605
1561.235964
1565.463022
1569.452200
1573.202006
1576.711035
1579.977975
1583.001600
1585.780778
1588.314464
1590.601710
1592.641655
1594.433534
1595.976673
1597.270493
1598.314507
1599.108323
1599.651641
1599.944258
1599.986065
1599.777043
1599.317274
1598.606929
1597.646276
1596.435675
1594.975583
1593.266547
1591.309210
1589.104307
1586.652666
1583.955208
1581.012944
1577.826978
1574.398503
1570.728805
1566.819256
1562.671321
1558.286548
1553.666576
1548.813130
1543.728020
1538.413141
1532.870471
1527.102071
1521.110086
1514.896738
1508.464331
1501.815246
1494.951944
1487.876959
1480.592900
1473.102452
1465.408369
1457.513477
1449.420672
1441.132918
1432.653244
1423.984744
1415.130578
1406.093965
1396.878186
1387.486578
1377.922540
1368.189521
1358.291027
1348.230615
1338.011891
1327.638513
1317.114181
1306.442643
1295.627689
1284.673151
1273.582899
1262.360842
1251.010923
1239.537120
1227.943442
1216.233928
1204.412646
1192.483688
1180.451172
1168.319236
1156.092040
1143.773761
1131.368593
1118.880744
1106.314434
1093.673892
1080.963357
1068.187075
1055.349294
1042.454265
1029.506240
1016.509470
1003.468201
990.386675
977.269125
964.119775
950.942839
937.742518
924.522995
911.288440
898.043001
884.790808
871.535967
858.282560
845.034643
831.796246
818.571365
805.363971
792.177996
779.017342
765.885873
752.787413
739.725751
726.704631
713.727756
700.798786
687.921334
675.098965
662.335198
649.633500
636.997289
624.429928
611.934728
599.514944
587.173775
574.914363
562.739790
550.653079
538.657193
526.755033
514.949434
503.243172
491.638954
480.139425
468.747161
457.464670
446.294395
435.238707
424.299910
413.480236
402.781848
392.206836
381.757218
371.434942
361.241881
351.179835
341.250532
331.455624
321.796691
312.275237
302.892693
293.650414
284.549680
275.591697
266.777596
258.108433
249.585188
241.208769
232.980007
224.899659
216.968408
209.186863
201.555560
194.074960
186.745453
179.567355
172.540911
165.666293
158.943602
152.372870
145.954057
139.687055
133.571688
127.607709
121.794806
116.132600
110.620646
105.258436
100.045393
94.980883
90.064204
85.294597
80.671240
76.193253
71.859696
67.669573
63.621832
59.715365
55.949010
52.321551
48.831723
45.478208
42.259638
39.174601
36.221632
33.399226
30.705830
28.139848
25.699645
23.383542
21.189823
19.116733
17.162481
15.325242
13.603154
11.994326
10.496835
9.108727
7.828020
6.652709
5.580757
4.610110
3.738685
2.964383
2.285082
1.698643
1.202910
0.795711
0.474861
0.238161
0.083401
0.008362
0.010817
0.088528
0.239256
0.460756
0.750778
1.107074
1.527391
2.009482
2.551099
3.149999
3.803942
4.510696
5.268037
6.073748
6.925621
7.821462
8.759087
9.736327
10.751025
11.801043
12.884256
13.998561
15.141871
16.312119
17.507262
18.725274
19.964158
21.221935
22.496655
23.786392
25.089246
26.403347
27.726851
29.057944
30.394841
31.735788
33.079064
34.422977
35.765871
37.106120
38.442134
39.772357
41.095268
42.409382
43.713249
45.005456
46.284629
47.549427
48.798552
50.030739
51.244766
52.439445
53.613632
54.766219
55.896138
57.002361
58.083900
59.139806
60.169170
61.171125
62.144841
63.089531
64.004446
64.888878
65.742160
66.563662
67.352796
68.109013
68.831804
69.520698
70.175265
70.795111
71.379883
71.929265
72.442979
72.920784
73.362479
73.767895
74.136903
74.469409
74.765355
75.024717
75.247506
75.433767
75.583579
75.697053
75.774334
75.815596
75.821048
75.790927
75.725501
75.625066
75.489950
75.320504
75.117111
74.880179
74.610141
74.307457
73.972610
73.606107
73.208480
72.780280
72.322083
71.834483
71.318096
70.773555
70.201514
69.602642
68.977628
68.327174
67.651999
66.952835
66.230430
65.485543
64.718944
63.931418
63.123756
62.296761
61.451245
60.588028
59.707935
58.811799
57.900460
56.974761
56.035548
55.083673
54.119989
53.145351
52.160614
51.166635
50.164269
49.154371
48.137793
47.115384
46.087991
45.056456
44.021617
42.984305
41.945346
40.905560
39.865758
38.826745
37.789315
36.754254
35.722339
34.694337
33.671001
32.653075
31.641292
30.636371
29.639017
28.649924
27.669771
26.699223
25.738930
24.789526
23.851631
22.925848
22.012765
21.112952
20.226963
19.355334
18.498584
17.657213
16.831706
16.022526
15.230120
14.454915
13.697320
12.957724
12.236498
11.533992
10.850538
10.186448
9.542015
8.917510
8.313187
7.729278
7.165998
6.623539
6.102076
5.601763
5.122733
4.665103
4.228967
3.814401
3.421462
3.050188
2.700597
2.372689
2.066445
1.781828
1.518782
1.277233
1.057091
0.858246
0.680571
0.523924
0.388145
0.273056
0.178465
0.104165
0.049930
0.015521
0.000685
0.005152
0.028642
0.070856
0.131485
0.210208
0.306687
0.420577
0.551518
0.699140
0.863061
1.042889
1.238223
1.448651
1.673753
1.913099
2.166251
2.432764
2.712186
3.004057
3.307911
3.623275
3.949673
4.286621
4.633633
4.990216
5.355878
5.730118
6.112437
6.502332
6.899297
7.302827
7.712414
8.127551
8.547731
8.972445
9.401190
9.833458
10.268748
10.706559
11.146392
11.587751
12.030147
12.473089
12.916095
13.358685
13.800386
14.240728
14.679248
15.115490
15.549003
15.979343
16.406073
16.828765
17.246997
17.660355
18.068435
18.470840
18.867182
19.257084
19.640176
20.016100
20.384506
20.745055
21.097418
21.441277
21.776325
22.102265
22.418812
22.725693
23.022643
23.309412
23.585761
23.851463
24.106300
24.350071
24.582583
24.803656
25.013124
25.210832
25.396636
25.570408
25.732027
25.881390
26.018403
26.142984
26.255065
26.354590
26.441515
26.515807
26.577447
26.626427
26.662750
26.686432
26.697502
26.695998
26.681970
26.655482
26.616604
26.565423
26.502033
26.426539
26.339058
26.239717
26.128651
26.006009
25.871945
25.726627
25.570228
25.402934
25.224938
25.036440
24.837652
24.628791
24.410082
24.181761
23.944066
23.697246
23.441556
23.177256
22.904614
22.623903
22.335401
22.039391
21.736165
21.426013
21.109236
20.786135
20.457016
20.122188
19.781965
19.436662
19.086596
18.732089
18.373462
18.011040
17.645149
17.276114
16.904263
16.529923
16.153423
15.775090
15.395250
15.014231
14.632358
14.249955
13.867344
13.484845
13.102779
12.721459
12.341200
11.962311
11.585100
11.209871
10.836922
10.466550
10.099046
9.734698
9.373787
9.016591
8.663383
8.314429
7.969990
7.630323
7.295676
6.966294
6.642413
6.324264
6.012071
5.706052
5.406416
5.113366
4.827099
4.547802
4.275657
4.010837
3.753507
3.503825
3.261941
3.027997
2.802125
2.584453
2.375097
2.174166
1.981760
1.797973
1.622888
1.456581
1.299119
1.150560
1.010955
0.880345
0.758765
0.646239
0.542784
0.448407
0.363111
0.286886
0.219715
0.161576
0.112434
0.072251
0.040978
0.018558
0.004929
0.000019
0.003750
0.016035
0.036782
0.065891
0.103254
0.148757
0.202280
0.263695
0.332870
0.409664
0.493933
0.585524
0.684280
0.790039
0.902633
1.021888
1.147626
1.279666
1.417818
1.561892
1.711692
1.867017
2.027665
2.193427
2.364094
2.539452
2.719284
2.903371
3.091492
3.283422
3.478935
3.677805
3.879800
4.084691
4.292245
4.502229
4.714411
4.928554
5.144426
5.361791
5.580416
5.800065
6.020505
6.241504
6.462829
6.684250
6.905538
7.126465
7.346805
7.566334
7.784830
8.002073
8.217848
8.431940
8.644136
8.854231
9.062017
9.267294
9.469864
9.669533
9.866109
10.059408
10.249247
10.435448
10.617839
10.796250
10.970517
11.140482
11.305990
11.466893
11.623046
11.774312
11.920557
12.061653
12.197479
12.327919
12.452860
12.572200
12.685838
12.793682
12.895644
12.991643
13.081605
13.165460
13.243146
13.314606
13.379788
13.438650
13.491152
13.537263
13.576956
13.610213
13.637019
13.657367
13.671256
13.678690
13.679680
13.674243
13.662402
13.644185
13.619626
13.588766
13.551650
13.508330
13.458863
13.403310
13.341741
13.274228
13.200849
13.121688
13.036833
12.946377
12.850418
12.749058
12.642406
12.530571
12.413671
12.291824
12.165156
12.033793
11.897867
11.757513
11.612871
11.464082
11.311290
11.154645
10.994296
10.830398
10.663107
10.492582
10.318983
10.142472
9.963216
9.781380
9.597133
9.410644
9.222085
9.031626
8.839441
8.645703
8.450587
8.254267
8.056919
7.858717
7.659836
7.460452
7.260738
7.060868
6.861017
6.661356
6.462056
6.263288
6.065221
5.868022
5.671857
5.476891
5.283285
5.091201
4.900795
4.712224
4.525641
4.341197
4.159040
3.979315
3.802165
3.627730
3.456144
3.287542
3.122052
2.959802
2.800912
2.645503
2.493689
2.345581
2.201286
2.060909
1.924547
1.792296
1.664247
1.540486
1.421095
1.306152
1.195731
1.089898
0.988720
0.892256
0.800560
0.713683
0.631670
0.554563
0.482397
0.415205
0.353013
0.295843
0.243713
0.196634
0.154616
0.117661
0.085767
0.058930
0.037138
0.020375
0.008622
0.001855
0.000044
0.003156
0.011155
0.023997
0.041636
0.064022
0.091101
0.122814
0.159098
0.199886
0.245109
0.294692
0.348557
0.406623
0.468805
0.535015
0.605161
0.679149
0.756881
0.838255
0.923169
1.011515
1.103184
1.198066
1.296045
1.397005
1.500828
1.607392
1.716576
1.828254
1.942300
2.058587
2.176985
2.297363
2.419590
2.543532
2.669056
2.796027
2.924309
3.053766
3.184263
3.315661
3.447825
3.580616
3.713899
3.847536
3.981390
4.115326
4.249209
4.382902
4.516273
4.649189
4.781516
4.913125
5.043886
5.173670
5.302352
5.429805
5.555906
5.680535
5.803570
5.924896
6.044396
6.161957
6.277469
6.390823
6.501912
6.610635
6.716889
6.820578
6.921605
7.019880
7.115313
7.207817
7.297310
7.383713
7.466948
7.546943
7.623627
7.696934
7.766802
7.833170
7.895983
7.955188
8.010737
8.062585
8.110690
8.155014
8.195523
8.232188
8.264981
8.293879
8.318864
8.339920
8.357036
8.370203
8.379418
8.384681
8.385993
8.383364
8.376802
8.366324
8.351945
8.333689
8.311580
8.285647
8.255921
8.222439
8.185238
8.144362
8.099856
8.051769
8.000151
7.945059
7.886550
7.824685
7.759528
7.691146
7.619609
7.544987
7.467356
7.386794
7.303380
7.217195
7.128325
7.036856
6.942876
6.846476
6.747749
6.646788
6.543691
6.438554
6.331477
6.222561
6.111907
5.999618
5.885800
5.770558
5.653997
5.536225
5.417350
5.297480
5.176724
5.055192
4.932994
4.810239
4.687038
4.563500
4.439735
4.315854
4.191966
4.068179
3.944603
3.821344
3.698512
3.576211
3.454548
3.333627
3.213552
3.094425
2.976346
2.859417
2.743734
2.629396
2.516496
2.405129
2.295386
2.187357
2.081129
1.976790
1.874423
1.774108
1.675927
1.579956
1.486270
1.394942
1.306041
1.219635
1.135790
1.054566
0.976026
0.900224
0.827215
0.757052
0.689781
0.625450
0.564101
0.505774
0.450506
0.398331
0.349279
0.303380
0.260657
0.221134
0.184828
0.151755
0.121929
0.095359
0.072052
0.052011
0.035237
0.021727
0.011476
0.004476
0.000715
0.000178
0.002849
0.008707
0.017728
0.029887
0.045156
0.063501
0.084890
0.109285
0.136646
0.166931
0.200096
0.236092
0.274870
0.316379
0.360563
0.407365
0.456727
0.508587
0.562882
0.619547
0.678515
0.739715
0.803078
0.868531
0.935999
1.005406
1.076675
1.149726
1.224480
1.300855
1.378768
1.458135
1.538871
1.620890
1.704105
1.788429
1.873774
1.960050
2.047169
2.135039
2.223571
2.312675
2.402259
2.492232
2.582505
2.672985
2.763582
2.854206
2.944766
3.035173
3.125337
3.215170
3.304583
3.393489
3.481802
3.569435
3.656304
3.742325
3.827415
3.911494
3.994479
4.076294
4.156859
4.236099
4.313940
4.390307
4.465131
4.538340
4.609868
4.679648
4.747615
4.813708
4.877866
4.940031
5.000146
5.058158
5.114014
5.167665
5.219063
5.268163
5.314922
5.359299
5.401256
5.440758
5.477771
5.512264
5.544208
5.573578
5.600350
5.624504
5.646020
5.664883
5.681079
5.694599
5.705433
5.713575
5.719023
5.721777
5.721837
5.719208
5.713898
5.705916
5.695273
5.681985
5.666067
5.647539
5.626423
5.602742
5.576524
5.547796
5.516589
5.482937
5.446874
5.408439
5.367670
5.324609
5.279300
5.231789
5.182122
5.130349
5.076522
5.020693
4.962916
4.903249
4.841749
4.778475
4.713489
4.646852
4.578629
4.508884
4.437683
4.365094
4.291185
4.216026
4.139686
4.062238
3.983753
3.904305
3.823966
3.742811
3.660914
3.578351
3.495197
3.411529
3.327421
3.242950
3.158194
3.073227
2.988127
2.902970
2.817831
2.732788
2.647914
2.563286
2.478978
2.395064
2.311618
2.228712
2.146419
2.064811
1.983957
1.903927
1.824791
1.746615
1.669466
1.593409
1.518509
1.444829
1.372429
1.301371
1.231712
1.163510
1.096821
1.031699
0.968196
0.906363
0.846250
0.787904
0.731369
0.676691
0.623911
0.573068
0.524202
0.477348
0.432541
0.389811
0.349191
0.310707
0.274386
0.240251
0.208324
0.178626
0.151173
0.125981
0.103063
0.082430
0.064091
0.048053
0.034321
0.022896
0.013779
0.006969
0.002461
0.000249
0.000324
0.002678
0.007296
0.014164
0.023266
0.034584
0.048095
0.063779
0.081611
0.101563
0.123607
0.147714
0.173851
0.201984
0.232078
0.264095
0.297997
0.333742
0.371288
0.410592
0.451608
0.494289
0.538588
0.584454
0.631837
0.680684
0.730943
0.782559
0.835476
0.889637
0.944986
1.001462
1.059008
1.117562
1.177064
1.237452
1.298664
1.360636
1.423305
1.486608
1.550479
1.614855
1.679669
1.744858
1.810356
1.876098
1.942017
2.008049
2.074128
2.140189
2.206168
2.271999
2.337618
2.402961
2.467965
2.532566
2.596703
2.660313
2.723335
2.785709
2.847375
2.908275
2.968350
3.027544
3.085800
3.143063
3.199281
3.254400
3.308368
3.361135
3.412653
3.462873
3.511750
3.559238
3.605293
3.649875
3.692941
3.734454
3.774375
3.812670
3.849303
3.884242
3.917456
3.948916
3.978595
4.006467
4.032508
4.056696
4.079011
4.099433
4.117947
4.134537
4.149191
4.161897
4.172646
4.181431
4.188246
4.193087
4.195953
4.196843
4.195760
4.192707
4.187689
4.180715
4.171792
4.160934
4.148151
4.133459
4.116874
4.098414
4.078098
4.055949
4.031990
4.006244
3.978740
3.949503
3.918565
3.885955
3.851707
3.815854
3.778432
3.739478
3.699029
3.657125
3.613807
3.569117
3.523097
3.475792
3.427246
3.377508
3.326622
3.274639
3.221607
3.167576
3.112597
3.056722
3.000002
2.942491
2.884243
2.825311
2.765750
2.705616
2.644963
2.583847
2.522325
2.460453
2.398287
2.335885
2.273302
2.210596
2.147823
2.085040
2.022304
1.959670
1.897195
1.834935
1.772945
1.711280
1.649995
1.589143
1.528780
1.468957
1.409726
1.351141
1.293250
1.236106
1.179756
1.124250
1.069635
1.015958
0.963263
0.911597
0.861002
0.811521
0.763195
0.716064
0.670167
0.625542
0.582224
0.540249
0.499651
0.460462
0.422713
0.386433
0.351651
0.318392
0.286682
0.256545
0.228002
0.201075
0.175782
0.152140
0.130165
0.109872
0.091273
0.074379
0.059199
0.045741
0.034011
0.024014
0.015753
0.009228
0.004439
0.001385
0.000061
0.000463
0.002583
0.006414
0.011944
0.019163
0.028058
0.038613
0.050813
0.064640
0.080074
0.097096
0.115683
0.135812
0.157458
0.180595
0.205195
0.231230
0.258669
0.287482
0.317635
0.349095
0.381828
0.415797
0.450966
0.487296
0.524748
0.563283
0.602860
0.643436
0.684970
0.727418
0.770736
0.814879
0.859803
0.905459
0.951803
0.998787
1.046363
1.094483
1.143099
1.192162
1.241623
1.291432
1.341540
1.391898
1.442454
1.493161
1.543967
1.594822
1.645678
1.696484
1.747191
1.797749
1.848110
1.898224
1.948044
1.997522
2.046609
2.095259
2.143426
2.191063
2.238124
2.284567
2.330345
2.375417
2.419739
2.463270
2.505969
2.547796
2.588712
2.628679
2.667659
2.705617
2.742518
2.778327
2.813011
2.846540
2.878882
2.910007
2.939888
2.968498
2.995811
3.021803
3.046450
3.069730
3.091624
3.112112
3.131176
3.148800
3.164968
3.179668
3.192888
3.204615
3.214842
3.223559
3.230761
3.236443
3.240601
3.243233
3.244338
3.243916
3.241971
3.238505
3.233524
3.227034
3.219042
3.209559
3.198594
3.186160
3.172269
3.156937
3.140179
3.122013
3.102457
3.081532
3.059257
3.035655
3.010751
2.984567
2.957131
2.928469
2.898609
2.867581
2.835413
2.802138
2.767787
2.732393
2.695991
2.658615
2.620300
2.581083
2.541002
2.500093
2.458397
2.415951
2.372796
2.328973
2.284521
2.239484
2.193902
2.147819
2.101276
2.054317
2.006985
1.959325
1.911379
1.863192
1.814808
1.766271
1.717626
1.668917
1.620188
1.571483
1.522847
1.474323
1.425955
1.377786
1.329860
1.282220
1.234908
1.187967
1.141437
1.095360
1.049777
1.004729
0.960254
0.916391
0.873179
0.830656
0.788858
0.747822
0.707582
0.668174
0.629631
0.591985
0.555270
0.519514
0.484750
0.451004
0.418307
0.386684
0.356161
0.326763
0.298514
0.271436
0.245551
0.220879
0.197440
0.175250
0.154326
0.134685
0.116340
0.099305
0.083591
0.069208
0.056165
0.044472
0.034133
0.025156
0.017543
0.011298
0.006421
0.002914
0.000776
0.000003
0.000593
0.002540
0.005838
0.010481
0.016459
0.023762
0.032380
0.042300
0.053509
0.065992
0.079734
0.094716
0.110922
0.128333
0.146927
0.166683
0.187580
0.209594
0.232700
0.256873
0.282087
0.308315
0.335528
0.363698
0.392794
0.422786
0.453644
0.485333
0.517823
0.551079
0.585067
0.619752
0.655099
0.691073
0.727636
0.764751
0.802383
0.840492
0.879041
0.917991
0.957303
0.996939
1.036859
1.077025
1.117395
1.157932
1.198595
1.239343
1.280139
1.320941
1.361711
1.402408
1.442993
1.483428
1.523673
1.563690
1.603439
1.642884
1.681986
1.720708
1.759013
1.796864
1.834227
1.871065
1.907344
1.943029
1.978087
2.012485
2.046190
2.079172
2.111399
2.142841
2.173469
2.203255
2.232172
2.260192
2.287289
2.313439
2.338619
2.362804
2.385974
2.408106
2.429182
2.449181
2.468087
2.485882
2.502551
2.518079
2.532453
2.545659
2.557687
2.568527
2.578169
2.586605
2.593830
2.599836
2.604620
2.608179
2.610509
2.611611
2.611484
2.610130
2.607551
2.603750
2.598734
2.592506
2.585075
2.576449
2.566636
2.555647
2.543494
2.530189
2.515746
2.500178
2.483502
2.465735
2.446893
2.426996
2.406064
2.384116
2.361173
2.337259
2.312397
2.286610
2.259923
2.232362
2.203954
2.174725
2.144703
2.113918
2.082397
2.050171
2.017271
1.983727
1.949572
1.914836
1.879553
1.843756
1.807479
1.770754
1.733617
1.696101
1.658243
1.620076
1.581636
1.542958
1.504079
1.465034
1.425859
1.386590
1.347262
1.307912
1.268576
1.229289
1.190087
1.151006
1.112081
1.073347
1.034839
0.996592
0.958641
0.921018
0.883758
0.846895
0.810460
0.774486
0.739006
0.704049
0.669648
0.635833
0.602632
0.570076
0.538191
0.507007
0.476550
0.446845
0.417920
0.389797
0.362502
0.336057
0.310484
0.285805
0.262041
0.239210
0.217332
0.196424
0.176504
0.157587
0.139687
0.122820
0.106998
0.092232
0.078534
0.065914
0.054380
0.043940
0.034602
0.026371
0.019251
0.013247
0.008360
0.004594
0.001947
0.000419
0.000010
0.000716
0.002533
0.005458
0.009483
0.014603
0.020810
0.028095
0.036448
0.045858
0.056314
0.067803
0.080312
0.093825
0.108328
0.123804
0.140236
0.157606
0.175895
0.195082
0.215148
0.236072
0.257830
0.280400
0.303759
0.327882
0.352744
0.378320
0.404584
0.431508
0.459065
0.487228
0.515967
0.545254
0.575060
0.605354
0.636107
0.667287
0.698864
0.730807
0.763084
0.795662
0.828511
0.861598
0.894889
0.928354
0.961959
0.995671
1.029458
1.063287
1.097125
1.130939
1.164697
1.198367
1.231915
1.265310
1.298519
1.331512
1.364255
1.396719
1.428872
1.460684
1.492124
1.523162
1.553770
1.583919
1.613579
1.642723
1.671324
1.699354
1.726789
1.753601
1.779766
1.805259
1.830058
1.854138
1.877478
1.900055
1.921850
1.942843
1.963013
1.982342
2.000814
2.018411
2.035117
2.050917
2.065797
2.079743
2.092744
2.104788
2.115864
2.125963
2.135075
2.143193
2.150311
2.156422
2.161522
2.165606
2.168671
2.170716
2.171740
2.171742
2.170722
2.168684
2.165630
2.161563
2.156488
2.150410
2.143337
2.135276
2.126234
2.116222
2.105249
2.093326
2.080467
2.066682
2.051986
2.036393
2.019919
2.002580
1.984392
1.965373
1.945542
1.924918
1.903521
1.881370
1.858488
1.834896
1.810617
1.785673
1.760089
1.733889
1.707098
1.679740
1.651842
1.623430
1.594530
1.565171
1.535379
1.505181
1.474608
1.443686
1.412445
1.380914
1.349122
1.317098
1.284873
1.252475
1.219936
1.187285
1.154551
1.121766
1.088959
1.056160
1.023399
0.990707
0.958112
0.925646
0.893336
0.861213
0.829306
0.797643
0.766253
0.735164
0.704405
0.674003
0.643984
0.614377
0.585207
0.556500
0.528282
0.500578
0.473412
0.446808
0.420789
0.395378
0.370598
0.346470
0.323014
0.300252
0.278202
0.256883
0.236314
0.216512
0.197493
0.179274
0.161869
0.145294
0.129561
0.114683
0.100672
0.087539
0.075295
0.063948
0.053508
0.043982
0.035376
0.027698
0.020951
0.015140
0.010268
0.006338
0.003352
0.001309
0.000209
0.000052
0.000836
0.002557
0.005211
0.008795
0.013302
0.018727
0.025061
0.032298
0.040427
0.049440
0.059326
0.070073
0.081670
0.094103
0.107359
0.121424
0.136282
0.151917
0.168314
0.185454
0.203320
0.221892
0.241153
0.261082
0.281659
0.302862
0.324671
0.347063
0.370015
0.393504
0.417508
0.442001
0.466959
0.492359
0.518173
0.544377
0.570946
0.597852
0.625069
0.652571
0.680331
0.708321
0.736515
0.764884
0.793401
0.822039
0.850770
0.879565
0.908398
0.937240
0.966063
0.994841
1.023545
1.052147
1.080621
1.108938
1.137073
1.164998
1.192687
1.220113
1.247250
1.274073
1.300556
1.326675
1.352403
1.377718
1.402596
1.427012
1.450945
1.474371
1.497269
1.519617
1.541395
1.562582
1.583159
1.603106
1.622406
1.641039
1.658989
1.676240
1.692776
1.708581
1.723641
1.737943
1.751472
1.764218
1.776169
1.787314
1.797642
1.807146
1.815816
1.823645
1.830626
1.836753
1.842021
1.846426
1.849963
1.852631
1.854428
1.855352
1.855403
1.854582
1.852890
1.850330
1.846904
1.842616
1.837470
1.831473
1.824631
1.816950
1.808438
1.799104
1.788957
1.778007
1.766266
1.753744
1.740453
1.726408
1.711621
1.696106
1.679879
1.662956
1.645352
1.627085
1.608171
1.588630
1.568479
1.547739
1.526428
1.504566
1.482175
1.459276
1.435890
1.412040
1.387747
1.363035
1.337927
1.312446
1.286617
1.260463
1.234008
1.207279
1.180299
1.153093
1.125687
1.098106
1.070377
1.042524
1.014573
0.986550
0.958481
0.930392
0.902308
0.874256
0.846261
0.818349
0.790546
0.762876
0.735365
0.708038
0.680920
0.654035
0.627409
0.601064
0.575026
0.549316
0.523959
0.498978
0.474393
0.450229
0.426506
0.403245
0.380467
0.358192
0.336440
0.315230
0.294581
0.274511
0.255037
0.236176
0.217945
0.200359
0.183434
0.167184
0.151622
0.136763
0.122617
0.109198
0.096517
0.084583
0.073406
0.062996
0.053360
0.044506
0.036441
0.029170
0.022700
0.017034
0.012177
0.008130
0.004897
0.002479
0.000876
0.000089
0.000116
0.000956
0.002606
0.005064
0.008325
0.012386
0.017239
0.022880
0.029302
0.036496
0.044455
0.053169
0.062630
0.072826
0.083746
0.095379
0.107713
0.120734
0.134429
0.148783
0.163782
0.179410
0.195651
0.212489
0.229906
0.247885
0.266408
0.285456
0.305011
0.325051
0.345559
0.366512
0.387891
0.409674
0.431840
0.454368
0.477233
0.500416
0.523892
0.547639
0.571634
0.595853
0.620272
0.644869
0.669619
0.694498
0.719483
0.744549
0.769671
0.794827
0.819991
0.845140
0.870249
0.895294
0.920252
0.945099
0.969810
0.994363
1.018733
1.042899
1.066836
1.090523
1.113937
1.137055
1.159856
1.182318
1.204420
1.226142
1.247462
1.268362
1.288820
1.308819
1.328340
1.347363
1.365872
1.383849
1.401278
1.418142
1.434426
1.450114
1.465193
1.479647
1.493465
1.506633
1.519140
1.530973
1.542123
1.552578
1.562330
1.571370
1.579689
1.587281
1.594138
1.600255
1.605626
1.610247
1.614113
1.617222
1.619571
1.621158
1.621983
1.622045
1.621344
1.619881
1.617659
1.614680
1.610947
1.606464
1.601236
1.595268
1.588566
1.581137
1.572988
1.564128
1.554564
1.544308
1.533367
1.521754
1.509479
1.496554
1.482992
1.468806
1.454009
1.438615
1.422640
1.406099
1.389006
1.371380
1.353235
1.334591
1.315463
1.295871
1.275832
1.255366
1.234493
1.213230
1.191600
1.169621
1.147316
1.124703
1.101806
1.078644
1.055240
1.031616
1.007793
0.983794
0.959641
0.935356
0.910963
0.886483
0.861940
0.837355
0.812753
0.788155
0.763584
0.739062
0.714613
0.690259
0.666022
0.641924
0.617988
0.594235
0.570686
0.547365
0.524291
0.501485
0.478969
0.456762
0.434885
0.413358
0.392200
0.371430
0.351066
0.331127
0.311631
0.292595
0.274036
0.255971
0.238415
0.221385
0.204894
0.188958
0.173590
0.158804
0.144612
0.131028
0.118062
0.105725
0.094029
0.082983
0.072595
0.062876
0.053832
0.045472
0.037801
0.030826
0.024552
0.018984
0.014126
0.009981
0.006552
0.003841
0.001849
0.000577
0.000026
0.000193
0.001079
0.002680
0.004995
0.008019
0.011749
0.016180
0.021308
0.027124
0.033624
0.040800
0.048644
0.057148
0.066302
0.076096
0.086521
0.097566
0.109219
0.121467
0.134299
0.147702
0.161661
0.176164
0.191194
0.206737
0.222777
0.239300
0.256287
0.273722
0.291588
0.309867
0.328542
0.347593
0.367003
0.386752
0.406821
0.427190
0.447839
0.468749
0.489899
0.511269
0.532837
0.554583
0.576487
0.598526
0.620680
0.642927
0.665246
0.687615
0.710014
0.732420
0.754812
0.777169
0.799470
0.821693
0.843816
0.865820
0.887683
0.909383
0.930902
0.952218
0.973311
0.994161
1.014748
1.035054
1.055058
1.074743
1.094088
1.113077
1.131692
1.149915
1.167728
1.185116
1.202062
1.218549
1.234564
1.250091
1.265115
1.279622
1.293600
1.307035
1.319914
1.332226
1.343960
1.355104
1.365649
1.375585
1.384902
1.393593
1.401649
1.409064
1.415830
1.421941
1.427392
1.432179
1.436297
1.439742
1.442512
1.444604
1.446017
1.446750
1.446802
1.446175
1.444867
1.442883
1.440222
1.436889
1.432887
1.428219
1.422892
1.416909
1.410277
1.403002
1.395093
1.386555
1.377398
1.367631
1.357262
1.346303
1.334763
1.322654
1.309987
1.296774
1.283029
1.268763
1.253991
1.238727
1.222986
1.206781
1.190129
1.173045
1.155546
1.137648
1.119368
1.100722
1.081730
1.062407
1.042774
1.022847
1.002647
0.982191
0.961499
0.940590
0.919483
0.898200
0.876758
0.855179
0.833482
0.811687
0.789815
0.767887
0.745921
0.723940
0.701962
0.680009
0.658100
0.636257
0.614498
0.592845
0.571316
0.549933
0.528713
0.507678
0.486846
0.466236
0.445867
0.425757
0.405926
0.386390
0.367168
0.348278
0.329736
0.311558
0.293763
0.276364
0.259379
0.242822
0.226709
0.211053
0.195869
0.181170
0.166969
0.153278
0.140111
0.127477
0.115390
0.103857
0.092891
0.082500
0.072694
0.063480
0.054866
0.046860
0.039468
0.032696
0.026550
0.021035
0.016155
0.011913
0.008313
0.005356
0.003046
0.001383
0.000368
0.000001
0.000282
0.001208
0.002779
0.004992
0.007844
0.011331
0.015450
0.020195
0.025562
0.031543
0.038133
0.045326
0.053112
0.061484
0.070433
0.079950
0.090025
0.100649
0.111809
0.123495
0.135696
0.148398
0.161589
0.175256
0.189386
0.203964
0.218976
0.234407
0.250243
0.266467
0.283063
0.300016
0.317309
0.334924
0.352846
0.371055
0.389536
0.408269
0.427238
0.446422
0.465805
0.485366
0.505088
0.524952
0.544937
0.565026
0.585199
0.605436
0.625719
0.646027
0.666342
0.686644
0.706913
0.727131
0.747278
0.767335
0.787283
0.807103
0.826776
0.846284
0.865608
0.884730
0.903631
0.922295
0.940702
0.958837
0.976682
0.994219
1.011434
1.028308
1.044828
1.060976
1.076739
1.092100
1.107047
1.121564
1.135639
1.149259
1.162409
1.175080
1.187257
1.198931
1.210091
1.220726
1.230826
1.240383
1.249387
1.257829
1.265704
1.273002
1.279718
1.285845
1.291379
1.296313
1.300645
1.304368
1.307482
1.309982
1.311868
1.313136
1.313787
1.313820
1.313235
1.312034
1.310216
1.307786
1.304744
1.301094
1.296840
1.291987
1.286538
1.280499
1.273876
1.266677
1.258906
1.250573
1.241685
1.232251
1.222279
1.211780
1.200763
1.189240
1.177220
1.164715
1.151738
1.138301
1.124416
1.110097
1.095356
1.080209
1.064669
1.048752
1.032471
1.015843
0.998883
0.981607
0.964032
0.946173
0.928048
0.909673
0.891067
0.872245
0.853227
0.834029
0.814670
0.795167
0.775539
0.755805
0.735982
0.716089
0.696144
0.676167
0.656175
0.636188
0.616223
0.596299
0.576435
0.556649
0.536959
0.517384
0.497941
0.478649
0.459525
0.440586
0.421851
0.403336
0.385059
0.367036
0.349283
0.331818
0.314655
0.297810
0.281299
0.265137
0.249339
0.233918
0.218889
0.204265
0.190059
0.176285
0.162954
0.150079
0.137671
0.125741
0.114299
0.103357
0.092922
0.083006
0.073615
0.064759
0.056446
0.048681
0.041472
0.034826
0.028746
0.023240
0.018310
0.013962
0.010197
0.007020
0.004433
0.002437
0.001033
0.000223
0.000005
0.000380
0.001347
0.002904
0.005049
0.007779
0.011090
0.014980
0.019444
0.024476
0.030072
0.036226
0.042931
0.050180
0.057965
0.066279
0.075114
0.084460
0.094308
0.104648
0.115470
0.126763
0.138516
0.150717
0.163354
0.176415
0.189887
0.203756
0.218010
0.232633
0.247613
0.262935
0.278582
0.294541
0.310796
0.327332
0.344131
0.361178
0.378457
0.395951
0.413643
0.431516
0.449553
0.467737
0.486050
0.504475
0.522994
0.541589
0.560243
0.578937
0.597655
0.616378
0.635089
0.653769
0.672400
0.690966
0.709449
0.727831
0.746094
0.764221
0.782196
0.800001
0.817619
0.835034
0.852229
0.869188
0.885896
0.902336
0.918492
0.934351
0.949896
0.965113
0.979988
0.994508
1.008658
1.022424
1.035796
1.048759
1.061301
1.073412
1.085080
1.096293
1.107042
1.117316
1.127106
1.136404
1.145199
1.153485
1.161253
1.168497
1.175210
1.181385
1.187017
1.192102
1.196633
1.200608
1.204023
1.206874
1.209160
1.210877
1.212026
1.212605
1.212613
1.212052
1.210920
1.209221
1.206955
1.204126
1.200735
1.196786
1.192284
1.187232
1.181635
1.175499
1.168831
1.161635
1.153920
1.145692
1.136960
1.127732
1.118016
1.107823
1.097161
1.086041
1.074474
1.062470
1.050040
1.037198
1.023954
1.010321
0.996312
0.981941
0.967221
0.952166
0.936790
0.921107
0.905132
0.888881
0.872368
0.855610
0.838621
0.821418
0.804016
0.786433
0.768685
0.750787
0.732758
0.714613
0.696371
0.678046
0.659658
0.641223
0.622758
0.604280
0.585806
0.567355
0.548942
0.530585
0.512301
0.494107
0.476020
0.458056
0.440233
0.422566
0.405071
0.387766
0.370666
0.353787
0.337144
0.320753
0.304628
0.288784
0.273237
0.258000
0.243087
0.228512
0.214288
0.200427
0.186944
0.173849
0.161155
0.148874
0.137015
0.125591
0.114611
0.104085
0.094022
0.084433
0.075324
0.066704
0.058581
0.050962
0.043854
0.037262
0.031192
0.025651
0.020641
0.016168
0.012235
0.008845
0.006002
0.003706
0.001961
0.000766
0.000122
0.000031
0.000490
0.001499
0.003058
0.005163
0.007812
0.011002
0.014730
0.018991
0.023782
0.029097
0.034931
0.041277
0.048129
0.055481
0.063325
0.071652
0.080456
0.089726
0.099454
0.109630
0.120245
0.131287
0.142746
0.154612
0.166871
0.179512
0.192524
0.205893
0.219606
0.233650
0.248012
0.262678
0.277633
0.292863
0.308354
0.324090
0.340057
0.356239
0.372621
0.389186
0.405920
0.422806
0.439828
0.456970
0.474215
0.491547
0.508950
0.526407
0.543900
0.561415
0.578934
0.596440
0.613917
0.631348
0.648716
0.666006
0.683201
0.700285
0.717241
0.734053
0.750706
0.767184
0.783471
0.799553
0.815412
0.831036
0.846409
0.861517
0.876345
0.890880
0.905107
0.919014
0.932588
0.945816
0.958684
0.971183
0.983298
0.995021
1.006338
1.017241
1.027718
1.037760
1.047358
1.056502
1.065185
1.073397
1.081133
1.088383
1.095142
1.101404
1.107162
1.112412
1.117148
1.121367
1.125064
1.128237
1.130882
1.132996
1.134579
1.135629
1.136144
1.136126
1.135573
1.134486
1.132867
1.130718
1.128040
1.124836
1.121110
1.116864
1.112104
1.106833
1.101057
1.094782
1.088012
1.080756
1.073020
1.064810
1.056136
1.047005
1.037426
1.027409
1.016961
1.006095
0.994819
0.983145
0.971083
0.958645
0.945843
0.932689
0.919195
0.905374
0.891238
0.876802
0.862079
0.847083
0.831828
0.816327
0.800596
0.784650
0.768504
0.752171
0.735669
0.719012
0.702216
0.685297
0.668270
0.651152
0.633958
0.616705
0.599408
0.582084
0.564749
0.547419
0.530110
0.512838
0.495620
0.478471
0.461408
0.444445
0.427600
0.410888
0.394323
0.377922
0.361699
0.345671
0.329850
0.314253
0.298894
0.283786
0.268944
0.254381
0.240110
0.226146
0.212500
0.199186
0.186215
0.173599
0.161350
0.149479
0.137997
0.126914
0.116241
0.105987
0.096161
0.086772
0.077829
0.069340
0.061313
0.053753
0.046670
0.040067
0.033952
0.028330
0.023206
0.018584
0.014468
0.010861
0.007767
0.005188
0.003126
0.001583
0.000560
0.000057
0.000074
0.000611
0.001668
0.003242
0.005332
0.007935
0.011049
0.014671
0.018796
0.023420
0.028539
0.034148
0.040240
0.046810
0.053851
0.061356
0.069318
0.077729
0.086580
0.095864
0.105570
0.115690
0.126214
0.137131
0.148431
0.160103
0.172136
0.184518
0.197236
0.210280
0.223636
0.237292
0.251234
0.265449
0.279923
0.294643
0.309595
0.324764
0.340135
0.355695
0.371427
0.387318
0.403352
0.419514
0.435789
0.452160
0.468613
0.485131
0.501700
0.518303
0.534925
0.551550
0.568161
0.584745
0.601284
0.617763
0.634167
0.650479
0.666685
0.682770
0.698718
0.714513
0.730142
0.745590
0.760841
0.775882
0.790698
0.805275
0.819600
0.833660
0.847440
0.860929
0.874113
0.886980
0.899518
0.911715
0.923560
0.935041
0.946149
0.956872
0.967201
0.977126
0.986637
0.995726
1.004385
1.012604
1.020377
1.027697
1.034556
1.040948
1.046868
1.052310
1.057268
1.061739
1.065717
1.069201
1.072185
1.074668
1.076648
1.078123
1.079090
1.079551
1.079503
1.078948
1.077887
1.076319
1.074247
1.071673
1.068599
1.065028
1.060965
1.056412
1.051374
1.045856
1.039863
1.033401
1.026477
1.019096
1.011265
1.002993
0.994287
0.985155
0.975606
0.965650
0.955294
0.944550
0.933427
0.921936
0.910088
0.897893
0.885364
0.872513
0.859350
0.845890
0.832144
0.818125
0.803846
0.789322
0.774565
0.759590
0.744410
0.729040
0.713494
0.697787
0.681934
0.665948
0.649847
0.633643
0.617354
0.600993
0.584576
0.568119
0.551637
0.535145
0.518659
0.502194
0.485765
0.469388
0.453079
0.436851
0.420721
0.404704
0.388813
0.373065
0.357474
0.342054
0.326820
0.311785
0.296965
0.282371
0.268019
0.253921
0.240090
0.226540
0.213282
0.200329
0.187693
0.175386
0.163419
0.151802
0.140547
0.129665
0.119164
0.109055
0.099346
0.090048
0.081167
0.072713
0.064693
0.057114
0.049984
0.043308
0.037093
0.031343
0.026066
0.021264
0.016942
0.013105
0.009755
0.006895
0.004528
0.002655
0.001279
0.000399
0.000018
0.000134
0.000747
0.001857
0.003463
0.005561
0.008151
0.011229
0.014793
0.018838
0.023361
0.028358
0.033822
0.039749
0.046133
0.052967
0.060246
0.067962
0.076107
0.084673
0.093653
0.103037
0.112817
0.122983
0.133525
0.144433
0.155697
0.167306
0.179248
0.191513
0.204089
0.216963
0.230123
0.243557
0.257252
0.271195
0.285373
0.299771
0.314377
0.329177
0.344155
0.359300
0.374595
0.390026
0.405579
0.421239
0.436991
0.452820
0.468711
0.484649
0.500620
0.516607
0.532596
0.548572
0.564520
0.580424
0.596270
0.612042
0.627726
0.643306
0.658769
0.674100
0.689284
0.704306
0.719153
0.733811
0.748266
0.762504
0.776512
0.790277
0.803786
0.817026
0.829984
0.842649
0.855009
0.867051
0.878765
0.890140
0.901165
0.911830
0.922125
0.932039
0.941565
0.950692
0.959413
0.967718
0.975602
0.983055
0.990072
0.996645
1.002769
1.008438
1.013646
1.018389
1.022662
1.026462
1.029785
1.032627
1.034987
1.036862
1.038250
1.039150
1.039562
1.039485
1.038919
1.037865
1.036324
1.034297
1.031787
1.028795
1.025326
1.021381
1.016965
1.012083
1.006738
1.000935
0.994681
0.987982
0.980843
0.973271
0.965274
0.956859
0.948034
0.938808
0.929189
0.919186
0.908809
0.898067
0.886971
0.875531
0.863758
0.851662
0.839257
0.826552
0.813560
0.800294
0.786765
0.772986
0.758971
0.744733
0.730285
0.715640
0.700812
0.685815
0.670664
0.655373
0.639955
0.624425
0.608799
0.593089
0.577313
0.561483
0.545615
0.529723
0.513824
0.497931
0.482059
0.466223
0.450438
0.434720
0.419081
0.403538
0.388104
0.372795
0.357624
0.342605
0.327752
0.313081
0.298603
0.284332
0.270283
0.256467
0.242898
0.229589
0.216551
0.203797
0.191339
0.179189
0.167357
0.155854
0.144692
0.133880
0.123429
0.113349
0.103647
0.094335
0.085420
0.076910
0.068813
0.061137
0.053888
0.047074
0.040701
0.034774
0.029298
0.024280
0.019723
0.015631
0.012009
0.008858
0.006183
0.003986
0.002268
0.001030
0.000274
0.000001
0.000210
0.000901
0.002073
0.003726
0.005856
0.008462
0.011542
0.015092
0.019109
0.023589
0.028528
0.033920
0.039760
0.046043
0.052763
0.059914
0.067488
0.075477
0.083876
0.092674
0.101865
0.111439
0.121387
0.131699
0.142366
0.153378
0.164724
0.176393
0.188374
0.200656
0.213227
0.226075
0.239188
0.252554
0.266160
0.279992
0.294039
0.308286
0.322720
0.337327
0.352094
0.367007
0.382051
0.397213
0.412477
0.427830
0.443257
0.458743
0.474274
0.489835
0.505412
0.520990
0.536553
0.552088
0.567580
0.583013
0.598375
0.613649
0.628822
0.643880
0.658808
0.673592
0.688218
0.702673
0.716943
0.731014
0.744873
0.758507
0.771904
0.785051
0.797935
0.810544
0.822867
0.834892
0.846607
0.858002
0.869065
0.879788
0.890158
0.900168
0.909806
0.919065
0.927936
0.936410
0.944479
0.952136
0.959374
0.966185
0.972564
0.978505
0.984001
0.989049
0.993642
0.997778
1.001451
1.004660
1.007399
1.009668
1.011464
1.012785
1.013631
1.014000
1.013892
1.013307
1.012246
1.010710
1.008701
1.006220
1.003269
0.999852
0.995972
0.991632
0.986837
0.981591
0.975899
0.969766
0.963199
0.956203
0.948785
0.940953
0.932713
0.924073
0.915042
0.905627
0.895838
0.885685
0.875176
0.864321
0.853132
0.841617
0.829789
0.817657
0.805235
0.792533
0.779563
0.766338
0.752869
0.739170
0.725254
0.711133
0.696821
0.682332
0.667678
0.652874
0.637933
0.622870
0.607699
0.592434
0.577089
0.561679
0.546218
0.530720
0.515201
0.499675
0.484156
0.468659
0.453198
0.437788
0.422444
0.407179
0.392009
0.376946
0.362006
0.347203
0.332550
0.318060
0.303749
0.289628
0.275711
0.262011
0.248542
0.235315
0.222343
0.209638
0.197212
0.185077
0.173243
0.161722
0.150526
0.139663
0.129144
0.118980
0.109179
0.099751
0.090705
0.082048
0.073790
0.065937
0.058497
0.051477
0.044883
0.038722
0.032999
0.027719
0.022888
0.018510
0.014588
0.011127
0.008130
0.005599
0.003537
0.001945
0.000825
0.000178
0.000004
0.000304
0.001077
0.002322
0.004039
0.006224
0.008877
0.011995
0.015574
0.019611
0.024103
0.029044
0.034431
0.040258
0.046520
0.053210
0.060323
0.067850
0.075787
0.084124
0.092854
0.101968
0.111459
0.121316
0.131532
0.142095
0.152996
0.164225
0.175771
0.187623
0.199770
0.212200
0.224903
0.237865
0.251074
0.264519
0.278185
0.292062
0.306134
0.320390
0.334816
0.349397
0.364121
0.378973
0.393940
0.409006
0.424159
0.439384
0.454667
0.469992
0.485346
0.500714
0.516082
0.531435
0.546759
0.562040
0.577262
0.592412
0.607475
0.622438
0.637286
0.652005
0.666581
0.681001
0.695251
0.709317
0.723187
0.736848
0.750285
0.763488
0.776443
0.789139
0.801563
0.813703
0.825549
0.837089
0.848312
0.859208
0.869766
0.879977
0.889831
0.899319
0.908432
0.917160
0.925497
0.933434
0.940964
0.948080
0.954775
0.961042
0.966876
0.972272
0.977224
0.981728
0.985779
0.989374
0.992509
0.995182
0.997389
0.999130
1.000401
1.001203
1.001534
1.001394
1.000783
0.999702
0.998151
0.996133
0.993649
0.990701
0.987293
0.983427
0.979107
0.974338
0.969123
0.963468
0.957377
0.950858
0.943915
0.936556
0.928787
0.920615
0.912049
0.903096
0.893765
0.884065
0.874004
0.863592
0.852840
0.841756
0.830352
0.818638
0.806626
0.794326
0.781750
0.768910
0.755817
0.742486
0.728927
0.715154
0.701179
0.687016
0.672678
0.658178
0.643531
0.628749
0.613847
0.598839
0.583739
0.568561
0.553320
0.538029
0.522703
0.507356
0.492004
0.476659
0.461338
0.446053
0.430820
0.415653
0.400566
0.385573
0.370688
0.355926
0.341300
0.326824
0.312511
0.298376
0.284430
0.270688
0.257163
0.243866
0.230811
0.218009
0.205473
0.193215
0.181246
0.169577
0.158220
0.147184
0.136481
0.126120
0.116111
0.106463
0.097187
0.088289
0.079779
0.071665
0.063954
0.056654
0.049770
0.043311
0.037282
0.031688
0.026535
0.021828
0.017570
0.013767
0.010422
0.007537
0.005116
0.003160
0.001672
0.000653
0.000105
0.000026
0.000418
0.001281
0.002612
0.004412
0.006679
0.009409
0.012601
0.016253
0.020359
0.024917
0.029922
0.035369
0.041254
0.047571
0.054314
0.061476
0.069051
0.077031
0.085410
0.094180
0.103331
0.112856
0.122745
0.132990
0.143580
0.154506
0.165758
0.177324
0.189195
0.201358
0.213802
0.226517
0.239489
0.252706
0.266157
0.279829
0.293708
0.307782
0.322037
0.336460
0.351037
0.365756
0.380601
0.395560
0.410617
0.425759
0.440972
0.456241
0.471551
0.486890
0.502241
0.517591
0.532926
0.548230
0.563490
0.578691
0.593818
0.608859
0.623797
0.638621
0.653314
0.667865
0.682258
0.696481
0.710520
0.724362
0.737994
0.751402
0.764576
0.777501
0.790167
0.802560
0.814670
0.826484
0.837993
0.849184
0.860048
0.870575
0.880754
0.890575
0.900030
0.909110
0.917806
0.926110
0.934014
0.941511
0.948593
0.955254
0.961488
0.967289
0.972651
0.977570
0.982040
0.986057
0.989618
0.992720
0.995359
0.997533
0.999239
1.000477
1.001245
1.001542
1.001368
1.000723
0.999608
0.998024
0.995971
0.993454
0.990472
0.987030
0.983130
0.978777
0.973974
0.968725
0.963037
0.956913
0.950360
0.943384
0.935991
0.928189
0.919985
0.911385
0.902400
0.893036
0.883303
0.873210
0.862766
0.851982
0.840866
0.829431
0.817686
0.805642
0.793312
0.780705
0.767835
0.754714
0.741353
0.727765
0.713964
0.699961
0.685771
0.671406
0.656880
0.642207
0.627401
0.612475
0.597444
0.582321
0.567121
0.551859
0.536547
0.521202
0.505838
0.490468
0.475108
0.459771
0.444473
0.429227
0.414049
0.398951
0.383950
0.369058
0.354290
0.339659
0.325180
0.310867
0.296731
0.282788
0.269050
0.255530
0.242241
0.229195
0.216405
0.203882
0.191639
0.179688
0.168039
0.156703
0.145691
0.135014
0.124682
0.114704
0.105090
0.095849
0.086990
0.078521
0.070451
0.062786
0.055534
0.048702
0.042297
0.036325
0.030791
0.025700
0.021058
0.016869
0.013137
0.009865
0.007057
0.004715
0.002842
0.001440
0.000509
0.000052
0.000067
0.000557
0.001519
0.002954
0.004859
0.007234
0.010077
0.013383
0.017152
0.021378
0.026059
0.031189
0.036765
0.042781
0.049231
0.056110
0.063411
0.071127
0.079251
0.087776
0.096693
0.105995
0.115673
0.125717
0.136118
0.146867
0.157954
0.169368
0.181098
0.193134
0.205465
0.218078
0.230962
0.244106
0.257496
0.271120
0.284966
0.299020
0.313270
0.327701
0.342302
0.357057
0.371953
0.386976
0.402112
0.417347
0.432666
0.448055
0.463501
0.478987
0.494501
0.510026
0.525549
0.541056
0.556530
0.571959
0.587327
0.602621
0.617825
0.632926
0.647909
0.662760
0.677465
0.692011
0.706384
0.720570
0.734556
0.748328
0.761875
0.775183
0.788239
0.801032
0.813549
0.825778
0.837709
0.849329
0.860628
0.871596
0.882221
0.892494
0.902405
0.911946
0.921106
0.929877
0.938251
0.946220
0.953777
0.960914
0.967625
0.973903
0.979743
0.985138
0.990084
0.994576
0.998610
1.002182
1.005288
1.007926
1.010093
1.011787
1.013006
1.013749
1.014016
1.013806
1.013120
1.011957
1.010319
1.008207
1.005624
1.002572
0.999053
0.995071
0.990630
0.985733
0.980386
0.974592
0.968359
0.961691
0.954594
0.947076
0.939144
0.930804
0.922064
0.912934
0.903421
0.893534
0.883283
0.872677
0.861726
0.850440
0.838830
0.826907
0.814683
0.802168
0.789374
0.776313
0.762999
0.749442
0.735656
0.721654
0.707449
0.693055
0.678484
0.663751
0.648869
0.633854
0.618717
0.603475
0.588141
0.572730
0.557256
0.541734
0.526178
0.510604
0.495025
0.479457
0.463914
0.448411
0.432963
0.417584
0.402288
0.387091
0.372006
0.357048
0.342231
0.327569
0.313076
0.298765
0.284650
0.270745
0.257062
0.243615
0.230416
0.217478
0.204813
0.192434
0.180351
0.168577
0.157122
0.145998
0.135215
0.124783
0.114712
0.105013
0.095694
0.086763
0.078231
0.070104
0.062391
0.055099
0.048234
0.041805
0.035816
0.030274
0.025184
0.020551
0.016379
0.012673
0.009436
0.006672
0.004382
0.002571
0.001238
0.000387
0.000017
0.000130
0.000725
0.001802
0.003360
0.005398
0.007914
0.010906
0.014372
0.018308
0.022710
0.027575
0.032899
0.038676
0.044901
0.051569
0.058674
0.066208
0.074165
0.082539
0.091320
0.100501
0.110073
0.120029
0.130357
0.141050
0.152096
0.163487
0.175210
0.187256
0.199613
0.212269
0.225214
0.238434
0.251918
0.265653
0.279626
0.293824
0.308234
0.322843
0.337637
0.352602
0.367724
0.382989
0.398383
0.413891
0.429500
0.445193
0.460958
0.476778
0.492639
0.508527
0.524426
0.540322
0.556200
0.572044
0.587840
0.603573
0.619229
0.634793
0.650249
0.665585
0.680784
0.695834
0.710720
0.725427
0.739942
0.754252
0.768343
0.782202
0.795816
0.809171
0.822256
0.835057
0.847564
0.859764
0.871646
0.883198
0.894410
0.905271
0.915771
0.925900
0.935648
0.945006
0.953966
0.962518
0.970655
0.978369
0.985653
0.992500
0.998903
1.004857
1.010355
1.015392
1.019964
1.024066
1.027694
1.030846
1.033517
1.035705
1.037408
1.038624
1.039353
1.039593
1.039344
1.038607
1.037381
1.035668
1.033470
1.030788
1.027625
1.023984
1.019868
1.015281
1.010227
1.004712
0.998739
0.992315
0.985445
0.978136
0.970395
0.962229
0.953646
0.944653
0.935259
0.925473
0.915305
0.904762
0.893856
0.882596
0.870994
0.859060
0.846804
0.834240
0.821378
0.808231
0.794810
0.781129
0.767201
0.753038
0.738654
0.724062
0.709276
0.694310
0.679179
0.663895
0.648475
0.632932
0.617281
0.601536
0.585714
0.569827
0.553892
0.537924
0.521938
0.505948
0.489970
0.474019
0.458111
0.442259
0.426480
0.410787
0.395197
0.379724
0.364382
0.349186
0.334150
0.319289
0.304617
0.290148
0.275895
0.261873
0.248094
0.234571
0.221318
0.208347
0.195671
0.183301
0.171250
0.159528
0.148148
0.137120
0.126455
0.116163
0.106253
0.096736
0.087621
0.078915
0.070629
0.062770
0.055344
0.048361
0.041826
0.035746
0.030127
0.024974
0.020293
0.016088
0.012363
0.009123
0.006370
0.004107
0.002337
0.001062
0.000283
0.000001
0.000217
0.000930
0.002141
0.003849
0.006051
0.008747
0.011934
0.015609
0.019770
0.024412
0.029532
0.035125
0.041185
0.047708
0.054688
0.062118
0.069992
0.078302
0.087041
0.096201
0.105774
0.115751
0.126122
0.136879
0.148011
0.159508
0.171360
0.183555
0.196083
0.208931
0.222089
0.235543
0.249282
0.263292
0.277561
0.292076
0.306822
0.321787
0.336956
0.352316
0.367852
0.383549
0.399394
0.415371
0.431465
0.447661
0.463945
0.480302
0.496715
0.513169
0.529650
0.546142
0.562629
0.579096
0.595528
0.611909
0.628225
0.644458
0.660596
0.676621
0.692521
0.708278
0.723879
0.739310
0.754554
0.769599
0.784431
0.799034
0.813396
0.827503
0.841341
0.854899
0.868162
0.881119
0.893757
0.906064
0.918029
0.929640
0.940887
0.951758
0.962244
0.972335
0.982021
0.991293
1.000142
1.008560
1.016538
1.024070
1.031147
1.037764
1.043914
1.049591
1.054789
1.059504
1.063731
1.067467
1.070707
1.073448
1.075687
1.077423
1.078654
1.079378
1.079594
1.079303
1.078504
1.077199
1.075387
1.073072
1.070254
1.066937
1.063123
1.058815
1.054019
1.048738
1.042977
1.036742
1.030038
1.022871
1.015248
1.007176
0.998663
0.989717
0.980345
0.970557
0.960362
0.949769
0.938789
0.927430
0.915705
0.903624
0.891199
0.878440
0.865360
0.851972
0.838287
0.824319
0.810081
0.795586
0.780848
0.765881
0.750698
0.735314
0.719744
0.704003
0.688104
0.672063
0.655896
0.639617
0.623242
0.606786
0.590265
0.573695
0.557091
0.540469
0.523844
0.507233
0.490651
0.474114
0.457638
0.441237
0.424929
0.408728
0.392649
0.376709
0.360922
0.345303
0.329867
0.314629
0.299603
0.284805
0.270247
0.255944
0.241909
0.228157
0.214699
0.201550
0.188721
0.176226
0.164076
0.152282
0.140857
0.129811
0.119155
0.108899
0.099054
0.089628
0.080631
0.072073
0.063960
0.056302
0.049105
0.042377
0.036125
0.030355
0.025072
0.020282
0.015990
0.012200
0.008917
0.006143
0.003881
0.002135
0.000906
0.000195
0.000005
0.000334
0.001184
0.002554
0.004443
0.006850
0.009772
0.013208
0.017155
0.021609
0.026566
0.032023
0.037974
0.044414
0.051338
0.058740
0.066612
0.074948
0.083741
0.092982
0.102663
0.112775
0.123310
0.134257
0.145607
0.157349
0.169473
0.181968
0.194822
0.208023
0.221560
0.235419
0.249589
0.264056
0.278806
0.293827
0.309104
0.324624
0.340371
0.356332
0.372492
0.388835
0.405346
0.422011
0.438814
0.455739
0.472770
0.489892
0.507089
0.524345
0.541643
0.558968
0.576303
0.593632
0.610940
0.628210
0.645425
0.662570
0.679629
0.696586
0.713425
0.730129
0.746685
0.763075
0.779286
0.795300
0.811104
0.826683
0.842022
0.857106
0.871921
0.886454
0.900691
0.914618
0.928223
0.941492
0.954412
0.966973
0.979161
0.990966
1.002376
1.013380
1.023968
1.034130
1.043856
1.053137
1.061964
1.070329
1.078224
1.085641
1.092573
1.099014
1.104957
1.110397
1.115328
1.119745
1.123645
1.127023
1.129877
1.132203
1.133998
1.135262
1.135993
1.136190
1.135852
1.134980
1.133575
1.131637
1.129169
1.126172
1.122650
1.118604
1.114040
1.108961
1.103371
1.097277
1.090683
1.083595
1.076021
1.067966
1.059439
1.050448
1.041000
1.031105
1.020772
1.010010
0.998830
0.987241
0.975255
0.962883
0.950137
0.937027
0.923568
0.909770
0.895648
0.881214
0.866482
0.851466
0.836180
0.820638
0.804856
0.788846
0.772626
0.756210
0.739614
0.722853
0.705943
0.688900
0.671741
0.654481
0.637136
0.619724
0.602261
0.584763
0.567247
0.549729
0.532226
0.514756
0.497333
0.479976
0.462700
0.445522
0.428458
0.411525
0.394739
0.378115
0.361671
0.345421
0.329380
0.313566
0.297992
0.282673
0.267625
0.252861
0.238397
0.224245
0.210420
0.196935
0.183803
0.171037
0.158650
0.146652
0.135056
0.123874
0.113116
0.102792
0.092914
0.083490
0.074530
0.066044
0.058038
0.050522
0.043502
0.036987
0.030982
0.025494
0.020528
0.016089
0.012183
0.008814
0.005984
0.003698
0.001957
0.000765
0.000122
0.000031
0.000490
0.001502
0.003064
0.005177
0.007838
0.011046
0.014799
0.019092
0.023924
0.029289
0.035183
0.041602
0.048539
0.055989
0.063945
0.072400
0.081347
0.090777
0.100684
0.111056
0.121886
0.133164
0.144879
0.157021
0.169579
0.182542
0.195897
0.209634
0.223738
0.238198
0.253000
0.268131
0.283577
0.299323
0.315356
0.331661
0.348222
0.365024
0.382052
0.399291
0.416724
0.434336
0.452109
0.470028
0.488076
0.506237
0.524493
0.542828
0.561224
0.579665
0.598133
0.616611
0.635083
0.653530
0.671936
0.690284
0.708556
0.726735
0.744805
0.762748
0.780548
0.798189
0.815653
0.832924
0.849986
0.866823
0.883420
0.899760
0.915828
0.931610
0.947090
0.962254
0.977088
0.991577
1.005708
1.019467
1.032842
1.045820
1.058389
1.070536
1.082250
1.093520
1.104336
1.114687
1.124563
1.133954
1.142853
1.151249
1.159136
1.166506
1.173351
1.179665
1.185442
1.190676
1.195362
1.199496
1.203073
1.206090
1.208544
1.210432
1.211753
1.212504
1.212686
1.212297
1.211338
1.209810
1.207713
1.205050
1.201823
1.198034
1.193688
1.188787
1.183337
1.177342
1.170808
1.163740
1.156146
1.148031
1.139405
1.130274
1.120647
1.110532
1.099940
1.088881
1.077363
1.065399
1.052999
1.040174
1.026937
1.013301
0.999277
0.984879
0.970121
0.955016
0.939578
0.923822
0.907763
0.891416
0.874796
0.857918
0.840800
0.823456
0.805904
0.788159
0.770239
0.752160
0.733940
0.715596
0.697145
0.678604
0.659992
0.641326
0.622624
0.603903
0.585181
0.566477
0.547807
0.529190
0.510644
0.492185
0.473833
0.455604
0.437516
0.419586
0.401832
0.384270
0.366917
0.349790
0.332906
0.316281
0.299931
0.283871
0.268118
0.252686
0.237590
0.222846
0.208468
0.194468
0.180862
0.167663
0.154883
0.142535
0.130632
0.119184
0.108204
0.097702
0.087689
0.078174
0.069168
0.060679
0.052716
0.045287
0.038400
0.032062
0.026280
0.021059
0.016405
0.012323
0.008818
0.005894
0.003554
0.001801
0.000637
0.000065
0.000084
0.000697
0.001903
0.003702
0.006092
0.009073
0.012642
0.016796
0.021532
0.026847
0.032736
0.039194
0.046216
0.053796
0.061928
0.070604
0.079817
0.089559
0.099822
0.110597
0.121873
0.133641
0.145891
0.158612
0.171793
0.185420
0.199484
0.213970
0.228865
0.244157
0.259832
0.275874
0.292271
0.309006
0.326064
0.343431
0.361090
0.379025
0.397220
0.415657
0.434321
0.453194
0.472258
0.491496
0.510891
0.530424
0.550078
0.569834
0.589675
0.609581
0.629534
0.649516
0.669509
0.689493
0.709451
0.729363
0.749212
0.768978
0.788644
0.808190
0.827599
0.846853
0.865934
0.884823
0.903503
0.921957
0.940168
0.958117
0.975789
0.993167
1.010234
1.026975
1.043373
1.059414
1.075081
1.090361
1.105239
1.119700
1.133731
1.147320
1.160452
1.173115
1.185298
1.196988
1.208175
1.218848
1.228997
1.238611
1.247683
1.256202
1.264161
1.271552
1.278368
1.284602
1.290248
1.295301
1.299755
1.303607
1.306852
1.309486
1.311508
1.312915
1.313706
1.313879
1.313434
1.312372
1.310692
1.308396
1.305487
1.301966
1.297837
1.293103
1.287769
1.281839
1.275319
1.268214
1.260530
1.252276
1.243459
1.234085
1.224165
1.213708
1.202722
1.191218
1.179207
1.166699
1.153707
1.140243
1.126318
1.111947
1.097142
1.081917
1.066286
1.050265
1.033867
1.017109
1.000006
0.982574
0.964830
0.946790
0.928471
0.909891
0.891067
0.872016
0.852757
0.833309
0.813688
0.793915
0.774008
0.753985
0.733865
0.713669
0.693414
0.673121
0.652808
0.632496
0.612202
0.591947
0.571751
0.551632
0.531609
0.511703
0.491931
0.472314
0.452869
0.433617
0.414574
0.395760
0.377193
0.358891
0.340871
0.323151
0.305749
0.288681
0.271964
0.255614
0.239647
0.224079
0.208925
0.194201
0.179920
0.166097
0.152745
0.139878
0.127509
0.115650
0.104313
0.093509
0.083250
0.073545
0.064405
0.055840
0.047857
0.040466
0.033674
0.027489
0.021917
0.016963
0.012635
0.008937
0.005872
0.003446
0.001661
0.000519
0.000023
0.000174
0.000973
0.002420
0.004514
0.007255
0.010640
0.014669
0.019336
0.024640
0.030577
0.037140
0.044326
0.052128
0.060540
0.069554
0.079164
0.089361
0.100137
0.111481
0.123385
0.135838
0.148828
0.162346
0.176378
0.190912
0.205936
0.221437
0.237399
0.253810
0.270654
0.287916
0.305581
0.323633
0.342055
0.360832
0.379945
0.399378
0.419113
0.439131
0.459416
0.479948
0.500708
0.521678
0.542838
0.564169
0.585652
0.607266
0.628992
0.650809
0.672698
0.694639
0.716611
0.738594
0.760567
0.782510
0.804403
0.826226
0.847958
0.869579
0.891068
0.912407
0.933575
0.954552
0.975319
0.995856
1.016144
1.036164
1.055897
1.075325
1.094430
1.113193
1.131597
1.149625
1.167259
1.184483
1.201281
1.217637
1.233535
1.248960
1.263897
1.278333
1.292254
1.305646
1.318496
1.330793
1.342524
1.353678
1.364245
1.374214
1.383575
1.392321
1.400441
1.407928
1.414775
1.420975
1.426522
1.431410
1.435635
1.439192
1.442077
1.444287
1.445821
1.446675
1.446850
1.446344
1.445158
1.443292
1.440748
1.437527
1.433634
1.429070
1.423839
1.417948
1.411400
1.404201
1.396358
1.387878
1.378769
1.369038
1.358695
1.347750
1.336211
1.324091
1.311399
1.298149
1.284351
1.270018
1.255165
1.239804
1.223951
1.207619
1.190824
1.173582
1.155909
1.137820
1.119335
1.100468
1.081240
1.061666
1.041766
1.021559
1.001063
0.980299
0.959285
0.938041
0.916588
0.894945
0.873134
0.851175
0.829089
0.806897
0.784620
0.762279
0.739896
0.717492
0.695089
0.672707
0.650369
0.628095
0.605908
0.583828
0.561877
0.540076
0.518446
0.497007
0.475782
0.454790
0.434051
0.413586
0.393415
0.373557
0.354032
0.334859
0.316056
0.297643
0.279637
0.262056
0.244917
0.228238
0.212035
0.196324
0.181121
0.166441
0.152299
0.138709
0.125685
0.113240
0.101387
0.090139
0.079506
0.069500
0.060131
0.051409
0.043344
0.035944
0.029218
0.023172
0.017814
0.013150
0.009185
0.005925
0.003373
0.001534
0.000409
0.000002
0.000313
0.001345
0.003096
0.005567
0.008757
0.012663
0.017283
0.022615
0.028654
0.035396
0.042835
0.050966
0.059782
0.069277
0.079443
0.090270
0.101750
0.113874
0.126631
0.140011
0.154001
0.168590
0.183765
0.199513
0.215820
0.232673
0.250055
0.267952
0.286348
0.305226
0.324571
0.344364
0.364587
0.385224
0.406255
0.427661
0.449423
0.471522
0.493937
0.516648
0.539635
0.562876
0.586351
0.610038
0.633916
0.657962
0.682155
0.706472
0.730892
0.755391
0.779948
0.804540
0.829143
0.853736
0.878296
0.902799
0.927224
0.951547
0.975746
0.999799
1.023682
1.047375
1.070855
1.094100
1.117088
1.139798
1.162208
1.184298
1.206046
1.227433
1.248439
1.269043
1.289226
1.308969
1.328253
1.347061
1.365374
1.383175
1.400447
1.417174
1.433340
1.448929
1.463926
1.478318
1.492089
1.505228
1.517721
1.529556
1.540722
1.551208
1.561003
1.570099
1.578486
1.586156
1.593101
1.599314
1.604790
1.609522
1.613505
1.616736
1.619211
1.620927
1.621882
1.622075
1.621505
1.620171
1.618076
1.615220
1.611606
1.607237
1.602116
1.596247
1.589636
1.582289
1.574211
1.565411
1.555895
1.545674
1.534754
1.523148
1.510865
1.497916
1.484314
1.470070
1.455198
1.439711
1.423624
1.406952
1.389710
1.371914
1.353581
1.334727
1.315370
1.295529
1.275222
1.254467
1.233285
1.211695
1.189718
1.167373
1.144683
1.121668
1.098351
1.074753
1.050897
1.026805
1.002500
0.978006
0.953345
0.928541
0.903618
0.878599
0.853509
0.828371
0.803209
0.778048
0.752912
0.727825
0.702811
0.677894
0.653098
0.628448
0.603966
0.579678
0.555606
0.531774
0.508205
0.484923
0.461949
0.439307
0.417018
0.395105
0.373589
0.352491
0.331833
0.311635
0.291916
0.272697
0.253997
0.235835
0.218228
0.201196
0.184754
0.168920
0.153710
0.139139
0.125223
0.111976
0.099412
0.087544
0.076385
0.065946
0.056239
0.047275
0.039063
0.031613
0.024934
0.019032
0.013915
0.009590
0.006062
0.003336
0.001416
0.000305
0.000007
0.000523
0.001854
0.004001
0.006962
0.010738
0.015326
0.020722
0.026925
0.033929
0.041730
0.050322
0.059698
0.069851
0.080773
0.092456
0.104890
0.118064
0.131969
0.146592
0.161921
0.177943
0.194645
0.212012
0.230030
0.248682
0.267954
0.287827
0.308285
0.329310
0.350884
0.372986
0.395599
0.418701
0.442273
0.466293
0.490739
0.515591
0.540825
0.566420
0.592352
0.618597
0.645132
0.671933
0.698976
0.726236
0.753688
0.781308
0.809070
0.836949
0.864919
0.892955
0.921031
0.949121
0.977199
1.005240
1.033218
1.061107
1.088881
1.116514
1.143981
1.171256
1.198314
1.225130
1.251679
1.277936
1.303876
1.329476
1.354711
1.379557
1.403993
1.427993
1.451536
1.474600
1.497163
1.519203
1.540700
1.561633
1.581982
1.601729
1.620853
1.639338
1.657165
1.674317
1.690778
1.706531
1.721563
1.735857
1.749400
1.762180
1.774183
1.785398
1.795814
1.805420
1.814207
1.822166
1.829288
1.835568
1.840998
1.845572
1.849286
1.852136
1.854117
1.855229
1.855468
1.854835
1.853330
1.850952
1.847704
1.843588
1.838607
1.832766
1.826069
1.818522
1.810131
1.800905
1.790850
1.779976
1.768293
1.755811
1.742541
1.728495
1.713687
1.698128
1.681835
1.664821
1.647101
1.628694
1.609615
1.589881
1.569512
1.548526
1.526943
1.504783
1.482066
1.458813
1.435047
1.410789
1.386063
1.360891
1.335297
1.309306
1.282942
1.256230
1.229194
1.201861
1.174257
1.146408
1.118340
1.090080
1.061656
1.033093
1.004420
0.975664
0.946853
0.918014
0.889175
0.860364
0.831609
0.802937
0.774376
0.745954
0.717699
0.689638
0.661799
0.634208
0.606893
0.579880
0.553196
0.526867
0.500920
0.475379
0.450271
0.425620
0.401451
0.377787
0.354653
0.332072
0.310067
0.288659
0.267871
0.247724
0.228238
0.209434
0.191330
0.173946
0.157300
0.141409
0.126290
0.111959
0.098432
0.085723
0.073846
0.062814
0.052639
0.043334
0.034909
0.027374
0.020738
0.015009
0.010195
0.006303
0.003338
0.001305
0.000209
0.000052
0.000837
0.002566
0.005238
0.008854
0.013411
0.018909
0.025345
0.032713
0.041010
0.050230
0.060366
0.071412
0.083358
0.096195
0.109915
0.124505
0.139954
0.156251
0.173380
0.191330
0.210084
0.229626
0.249942
0.271012
0.292821
0.315348
0.338575
0.362481
0.387046
0.412249
0.438067
0.464479
0.491460
0.518988
0.547037
0.575584
0.604602
0.634067
0.663951
0.694228
0.724872
0.755854
0.787146
0.818721
0.850550
0.882605
0.914855
0.947273
0.979828
1.012491
1.045232
1.078022
1.110829
1.143625
1.176379
1.209061
1.241641
1.274089
1.306375
1.338470
1.370342
1.401964
1.433305
1.464336
1.495029
1.525355
1.555285
1.584792
1.613848
1.642425
1.670498
1.698038
1.725022
1.751422
1.777214
1.802373
1.826877
1.850700
1.873821
1.896218
1.917869
1.938753
1.958851
1.978143
1.996609
2.014233
2.030998
2.046886
2.061882
2.075972
2.089142
2.101379
2.112669
2.123003
2.132369
2.140758
2.148162
2.154572
2.159982
2.164386
2.167778
2.170155
2.171514
2.171853
2.171170
2.169466
2.166740
2.162996
2.158234
2.152460
2.145677
2.137892
2.129110
2.119339
2.108588
2.096866
2.084183
2.070550
2.055980
2.040485
2.024079
2.006778
1.988596
1.969550
1.949658
1.928938
1.907409
1.885090
1.862001
1.838166
1.813604
1.788340
1.762396
1.735797
1.708567
1.680733
1.652319
1.623353
1.593862
1.563873
1.533415
1.502517
1.471207
1.439516
1.407474
1.375110
1.342456
1.309543
1.276403
1.243066
1.209566
1.175933
1.142201
1.108402
1.074568
1.040733
1.006928
0.973187
0.939543
0.906028
0.872675
0.839516
0.806585
0.773912
0.741532
0.709474
0.677772
0.646455
0.615557
0.585106
0.555134
0.525671
0.496746
0.468388
0.440626
0.413487
0.387001
0.361193
0.336090
0.311717
0.288101
0.265265
0.243234
0.222029
0.201675
0.182192
0.163602
0.145924
0.129177
0.113380
0.098551
0.084706
0.071861
0.060030
0.049228
0.039468
0.030761
0.023119
0.016552
0.011069
0.006678
0.003385
0.001198
0.000121
0.000159
0.001313
0.003587
0.006980
0.011494
0.017125
0.023874
0.031735
0.040705
0.050778
0.061947
0.074206
0.087546
0.101957
0.117428
0.133949
0.151506
0.170085
0.189673
0.210253
0.231810
0.254325
0.277780
0.302156
0.327433
0.353590
0.380604
0.408454
0.437114
0.466562
0.496771
0.527716
0.559370
0.591705
0.624694
0.658308
0.692517
0.727292
0.762601
0.798413
0.834698
0.871422
0.908554
0.946059
0.983905
1.022057
1.060482
1.099144
1.138009
1.177042
1.216208
1.255470
1.294794
1.334143
1.373482
1.412775
1.451986
1.491078
1.530016
1.568765
1.607288
1.645550
1.683515
1.721149
1.758416
1.795282
1.831712
1.867673
1.903131
1.938052
1.972405
2.006156
2.039274
2.071728
2.103487
2.134521
2.164801
2.194297
2.222982
2.250829
2.277810
2.303899
2.329073
2.353305
2.376574
2.398856
2.420130
2.440374
2.459569
2.477697
2.494738
2.510677
2.525497
2.539183
2.551722
2.563100
2.573306
2.582329
2.590159
2.596789
2.602210
2.606416
2.609403
2.611166
2.611702
2.611010
2.609089
2.605940
2.601564
2.595964
2.589146
2.581112
2.571871
2.561430
2.549797
2.536982
2.522997
2.507852
2.491562
2.474140
2.455603
2.435966
2.415247
2.393465
2.370639
2.346790
2.321939
2.296110
2.269326
2.241610
2.212990
2.183491
2.153140
2.121966
2.089997
2.057264
2.023796
1.989626
1.954784
1.919305
1.883220
1.846565
1.809373
1.771680
1.733523
1.694936
1.655956
1.616622
1.576970
1.537038
1.496865
1.456489
1.415950
1.375285
1.334536
1.293740
1.252938
1.212169
1.171473
1.130890
1.090460
1.050222
1.010216
0.970480
0.931056
0.891981
0.853294
0.815034
0.777239
0.739948
0.703196
0.667022
0.631462
0.596552
0.562328
0.528824
0.496076
0.464116
0.432977
0.402693
0.373295
0.344813
0.317278
0.290718
0.265164
0.240640
0.217176
0.194795
0.173523
0.153384
0.134400
0.116593
0.099983
0.084591
0.070434
0.057529
0.045894
0.035543
0.026489
0.018746
0.012326
0.007237
0.003490
0.001091
0.000048
0.000367
0.002050
0.005100
0.009520
0.015309
0.022466
0.030989
0.040875
0.052117
0.064711
0.078648
0.093919
0.110516
0.128426
0.147636
0.168134
0.189903
0.212928
0.237191
0.262674
0.289356
0.317217
0.346235
0.376385
0.407645
0.439987
0.473386
0.507814
0.543242
0.579641
0.616981
0.655228
0.694352
0.734318
0.775093
0.816641
0.858926
0.901912
0.945562
0.989837
1.034699
1.080108
1.126025
1.172408
1.219217
1.266410
1.313946
1.361781
1.409873
1.458180
1.506657
1.555260
1.603947
1.652673
1.701394
1.750065
1.798643
1.847083
1.895340
1.943371
1.991132
2.038578
2.085666
2.132352
2.178594
2.224348
2.269571
2.314222
2.358260
2.401642
2.444329
2.486279
2.527455
2.567816
2.607325
2.645945
2.683638
2.720369
2.756102
2.790805
2.824442
2.856982
2.888394
2.918647
2.947711
2.975559
3.002163
3.027497
3.051535
3.074255
3.095633
3.115647
3.134279
3.151508
3.167317
3.181690
3.194611
3.206067
3.216046
3.224536
3.231527
3.237012
3.240984
3.243436
3.244366
3.243770
3.241648
3.237998
3.232824
3.226128
3.217915
3.208191
3.196963
3.184240
3.170032
3.154351
3.137211
3.118625
3.098610
3.077183
3.054363
3.030169
3.004623
2.977748
2.949568
2.920107
2.889394
2.857454
2.824318
2.790015
2.754577
2.718037
2.680428
2.641784
2.602142
2.561538
2.520011
2.477598
2.434340
2.390277
2.345450
2.299903
2.253677
2.206817
2.159366
2.111371
2.062877
2.013931
1.964578
1.914867
1.864845
1.814561
1.764063
1.713401
1.662622
1.611778
1.560916
1.510088
1.459343
1.408731
1.358302
1.308105
1.258190
1.208608
1.159407
1.110637
1.062346
1.014583
0.967396
0.920834
0.874943
0.829770
0.785362
0.741764
0.699021
0.657177
0.616277
0.576362
0.537476
0.499658
0.462949
0.427389
0.393016
0.359867
0.327979
0.297386
0.268123
0.240222
0.213716
0.188634
0.165007
0.142861
0.122223
0.103120
0.085573
0.069607
0.055242
0.042498
0.031393
0.021943
0.014164
0.008069
0.003671
0.000979
0.000004
0.000752
0.003229
0.007439
0.013385
0.021067
0.030486
0.041638
0.054521
0.069127
0.085451
0.103483
0.123213
0.144628
0.167716
0.192461
0.218845
0.246852
0.276460
0.307648
0.340393
0.374670
0.410454
0.447717
0.486429
0.526561
0.568080
0.610954
0.655147
0.700624
0.747348
0.795280
0.844381
0.894609
0.945923
0.998279
1.051634
1.105941
1.161156
1.217229
1.274114
1.331762
1.390121
1.449142
1.508773
1.568963
1.629657
1.690804
1.752348
1.814236
1.876412
1.938821
2.001408
2.064117
2.126890
2.189673
2.252408
2.315038
2.377507
2.439758
2.501734
2.563379
2.624636
2.685449
2.745763
2.805521
2.864668
2.923150
2.980913
3.037902
3.094065
3.149348
3.203701
3.257072
3.309410
3.360667
3.410793
3.459741
3.507465
3.553918
3.599057
3.642837
3.685217
3.726155
3.765612
3.803548
3.839928
3.874715
3.907874
3.939373
3.969181
3.997266
4.023601
4.048158
4.070914
4.091843
4.110923
4.128135
4.143460
4.156881
4.168383
4.177952
4.185577
4.191248
4.194956
4.196697
4.196465
4.194258
4.190075
4.183918
4.175789
4.165694
4.153639
4.139633
4.123687
4.105813
4.086025
4.064339
4.040774
4.015348
3.988084
3.959005
3.928135
3.895502
3.861135
3.825063
3.787319
3.747936
3.706950
3.664397
3.620316
3.574747
3.527732
3.479314
3.429536
3.378446
3.326090
3.272516
3.217775
3.161918
3.104998
3.047066
2.988179
2.928392
2.867761
2.806343
2.744199
2.681386
2.617965
2.553997
2.489544
2.424667
2.359430
2.293896
2.228129
2.162192
2.096152
2.030071
1.964016
1.898052
1.832245
1.766658
1.701359
1.636412
1.571883
1.507836
1.444337
1.381450
1.319238
1.257766
1.197097
1.137293
1.078416
1.020527
0.963688
0.907957
0.853393
0.800055
0.747999
0.697282
0.647958
0.600081
0.553704
0.508877
0.465651
0.424075
0.384196
0.346058
0.309708
0.275188
0.242538
0.211799
0.183008
0.156202
0.131415
0.108680
0.088027
0.069486
0.053083
0.038845
0.026793
0.016951
0.009336
0.003966
0.000856
0.000020
0.001469
0.005211
0.011253
0.019601
0.030256
0.043219
0.058489
0.076062
0.095931
0.118088
0.142524
0.169225
0.198177
0.229363
0.262763
0.298358
0.336124
0.376036
0.418065
0.462183
0.508359
0.556558
0.606746
0.658885
0.712935
0.768855
0.826603
0.886132
0.947397
1.010349
1.074937
1.141110
1.208813
1.277993
1.348591
1.420550
1.493810
1.568311
1.643989
1.720781
1.798622
1.877446
1.957185
2.037772
2.119136
2.201209
2.283918
2.367192
2.450959
2.535144
2.619673
2.704473
2.789469
2.874584
2.959743
3.044871
3.129891
3.214726
3.299300
3.383537
3.467361
3.550695
3.633463
3.715590
3.797000
3.877620
3.957373
4.036187
4.113989
4.190706
4.266266
4.340600
4.413637
4.485308
4.555545
4.624283
4.691456
4.757000
4.820851
4.882949
4.943234
5.001647
5.058131
5.112632
5.165095
5.215469
5.263705
5.309753
5.353568
5.395106
5.434323
5.471181
5.505641
5.537666
5.567224
5.594283
5.618812
5.640786
5.660179
5.676969
5.691136
5.702662
5.711533
5.717735
5.721258
5.722095
5.720239
5.715690
5.708445
5.698508
5.685883
5.670578
5.652602
5.631969
5.608692
5.582791
5.554284
5.523195
5.489549
5.453373
5.414697
5.373554
5.329980
5.284010
5.235686
5.185049
5.132144
5.077018
5.019719
4.960299
4.898811
4.835311
4.769857
4.702507
4.633325
4.562372
4.489716
4.415423
4.339562
4.262205
4.183423
4.103291
4.021884
3.939281
3.855558
3.770796
3.685076
3.598480
3.511092
3.422997
3.334279
3.245025
3.155322
3.065259
2.974923
2.884404
2.793791
2.703175
2.612646
2.522294
2.432211
2.342487
2.253213
2.164481
2.076380
1.989001
1.902434
1.816769
1.732094
1.648500
1.566072
1.484899
1.405066
1.326659
1.249763
1.174459
1.100831
1.028959
0.958923
0.890800
0.824668
0.760600
0.698670
0.638951
0.581511
0.526418
0.473739
0.423538
0.375876
0.330812
0.288406
0.248712
0.211782
0.177668
0.146418
0.118078
0.092690
0.070295
0.050931
0.034633
0.021434
0.011364
0.004449
0.000713
0.000179
0.002863
0.008782
0.017948
0.030371
0.046056
0.065008
0.087227
0.112710
0.141452
0.173443
0.208673
0.247126
0.288784
0.333628
0.381631
0.432768
0.487009
0.544321
0.604667
0.668008
0.734304
0.803508
0.875574
0.950450
1.028084
1.108420
1.191398
1.276957
1.365034
1.455561
1.548469
1.643686
1.741139
1.840751
1.942443
2.046134
2.151742
2.259180
2.368361
2.479197
2.591596
2.705466
2.820711
2.937235
3.054942
3.173730
3.293501
3.414152
3.535579
3.657679
3.780346
3.903474
4.026956
4.150685
4.274551
4.398447
4.522262
4.645888
4.769214
4.892130
5.014526
5.136292
5.257318
5.377495
5.496714
5.614866
5.731842
5.847536
5.961841
6.074651
6.185861
6.295368
6.403069
6.508864
6.612652
6.714335
6.813818
6.911004
7.005800
7.098116
7.187863
7.274952
7.359299
7.440821
7.519437
7.595070
7.667644
7.737086
7.803325
7.866294
7.925929
7.982167
8.034949
8.084219
8.129924
8.172015
8.210446
8.245172
8.276154
8.303355
8.326742
8.346286
8.361959
8.373740
8.381609
8.385551
8.385553
8.381608
8.373711
8.361860
8.346060
8.326316
8.302639
8.275044
8.243546
8.208170
8.168939
8.125883
8.079034
8.028430
7.974109
7.916118
7.854502
7.789312
7.720605
7.648437
7.572872
7.493973
7.411810
7.326455
7.237984
7.146474
7.052008
6.954671
6.854551
6.751739
6.646329
6.538418
6.428106
6.315496
6.200692
6.083801
5.964935
5.844205
5.721727
5.597616
5.471992
5.344976
5.216690
5.087260
4.956810
4.825470
4.693367
4.560633
4.427400
4.293799
4.159964
4.026031
3.892134
3.758410
3.624994
3.492024
3.359636
3.227967
3.097155
2.967336
2.838647
2.711224
2.585203
2.460718
2.337905
2.216896
2.097824
1.980819
1.866012
1.753530
1.643501
1.536050
1.431300
1.329372
1.230386
1.134460
1.041707
0.952241
0.866171
0.783605
0.704648
0.629401
0.557964
0.490432
0.426897
0.367449
0.312175
0.261155
0.214471
0.172196
0.134404
0.101160
0.072530
0.048573
0.029346
0.014899
0.005282
0.000536
0.000702
0.005814
0.015902
0.030992
0.051106
0.076260
0.106467
0.141735
0.182066
0.227458
0.277906
0.333398
0.393918
0.459446
0.529957
0.605421
0.685803
0.771063
0.861158
0.956039
1.055652
1.159940
1.268839
1.382283
1.500200
1.622513
1.749142
1.880002
2.015004
2.154054
2.297054
2.443902
2.594493
2.748717
2.906459
3.067603
3.232027
3.399605
3.570211
3.743712
3.919972
4.098854
4.280216
4.463914
4.649801
4.837726
5.027537
5.219080
5.412196
5.606727
5.802510
5.999383
6.197179
6.395732
6.594873
6.794433
6.994240
7.194123
7.393908
7.593421
7.792489
7.990937
8.188589
8.385271
8.580808
8.775024
8.967746
9.158800
9.348012
9.535210
9.720223
9.902881
10.083016
10.260460
10.435048
10.606616
10.775003
10.940049
11.101598
11.259494
11.413587
11.563727
11.709767
11.851566
11.988983
12.121881
12.250129
12.373597
12.492159
12.605696
12.714088
12.817224
12.914995
13.007296
13.094029
13.175098
13.250414
13.319891
13.383450
13.441016
13.492518
13.537894
13.577084
13.610035
13.636699
13.657034
13.671004
13.678578
13.679733
13.674448
13.662711
13.644517
13.619863
13.588755
13.551205
13.507231
13.456856
13.400110
13.337030
13.267658
13.192041
13.110236
13.022302
12.928307
12.828324
12.722431
12.610715
12.493265
12.370179
12.241561
12.107518
11.968165
11.823622
11.674015
11.519476
11.360140
